100.59015655517578125000 152.34204101562500000000 0.13704970479011535645 0.12477515637874603271 5282149.00000000000000000000 -1349461.00000000000000000000 -15040.41699218750000000000 -865.70452880859375000000 -1349461.00000000000000000000 4831252.50000000000000000000 7089.04101562500000000000 8450.61425781250000000000 -15040.41699218750000000000 7089.04101562500000000000 5734.74414062500000000000 2165.28198242187500000000 -865.70452880859375000000 8450.61425781250000000000 2165.28198242187500000000 7052.84326171875000000000 
99.08889007568359375000 11.63659286499023437500 0.48876613378524780273 0.33783358335494995117 4532271.00000000000000000000 -629334.12500000000000000000 -11399.33984375000000000000 -27872.24023437500000000000 -629334.12500000000000000000 3361647.50000000000000000000 4825.05419921875000000000 26653.17968750000000000000 -11399.33984375000000000000 4825.05419921875000000000 45628.99218750000000000000 33750.13671875000000000000 -27872.24023437500000000000 26653.17968750000000000000 33750.13671875000000000000 40445.30078125000000000000 
13.74958896636962890625 127.39227294921875000000 0.19701807200908660889 0.38919273018836975098 5096187.50000000000000000000 254218.57812500000000000000 -25825.00000000000000000000 -76372.60937500000000000000 254218.57812500000000000000 4182829.25000000000000000000 -9864.49707031250000000000 14939.82031250000000000000 -25825.00000000000000000000 -9864.49707031250000000000 11879.58300781250000000000 -46.41495513916015625000 -76372.60937500000000000000 14939.82031250000000000000 -46.41495513916015625000 31350.87109375000000000000 
131.44691467285156250000 218.19276428222656250000 0.14971868693828582764 0.18816995620727539062 5428591.00000000000000000000 194563.29687500000000000000 24379.27148437500000000000 11098.88574218750000000000 194563.29687500000000000000 2984326.00000000000000000000 -19891.08593750000000000000 -4656.11767578125000000000 24379.27148437500000000000 -19891.08593750000000000000 7977.18554687500000000000 -440.62460327148437500000 11098.88574218750000000000 -4656.11767578125000000000 -440.62460327148437500000 5145.78710937500000000000 
37.11392974853515625000 70.02384948730468750000 0.22710354626178741455 0.16615058481693267822 4205447.00000000000000000000 101856.77343750000000000000 8859.01269531250000000000 -26723.00976562500000000000 101856.77343750000000000000 5455211.50000000000000000000 -7890.51513671875000000000 -5979.39599609375000000000 8859.01269531250000000000 -7890.51513671875000000000 8315.56640625000000000000 2915.39794921875000000000 -26723.00976562500000000000 -5979.39599609375000000000 2915.39794921875000000000 7558.60009765625000000000 
163.90689086914062500000 71.68042755126953125000 0.24572327733039855957 0.21405346691608428955 6499863.50000000000000000000 689451.43750000000000000000 -54547.00390625000000000000 -51438.85546875000000000000 689451.43750000000000000000 6149816.00000000000000000000 15990.16699218750000000000 14295.38671875000000000000 -54547.00390625000000000000 15990.16699218750000000000 22241.20507812500000000000 6298.99951171875000000000 -51438.85546875000000000000 14295.38671875000000000000 6298.99951171875000000000 13021.08886718750000000000 
43.98829269409179687500 192.51870727539062500000 0.10811467468738555908 0.11572352796792984009 6079363.00000000000000000000 -240454.17187500000000000000 3947.61376953125000000000 -13526.06152343750000000000 -240454.17187500000000000000 4547858.50000000000000000000 -11306.48437500000000000000 -1978.54248046875000000000 3947.61376953125000000000 -11306.48437500000000000000 2261.18066406250000000000 263.73831176757812500000 -13526.06152343750000000000 -1978.54248046875000000000 263.73831176757812500000 4023.32128906250000000000 
168.99256896972656250000 176.44372558593750000000 0.24039037525653839111 0.18430228531360626221 2882344.25000000000000000000 116864.08593750000000000000 -17830.96093750000000000000 -17090.99414062500000000000 116864.08593750000000000000 6789157.50000000000000000000 73481.87500000000000000000 44053.48437500000000000000 -17830.96093750000000000000 73481.87500000000000000000 15042.43847656250000000000 1232.04199218750000000000 -17090.99414062500000000000 44053.48437500000000000000 1232.04199218750000000000 9694.35546875000000000000 
135.64453125000000000000 81.60014343261718750000 0.31295859813690185547 0.25755086541175842285 5578233.00000000000000000000 -216483.10937500000000000000 19516.70117187500000000000 21495.72460937500000000000 -216483.10937500000000000000 4887836.00000000000000000000 4471.36425781250000000000 878.86865234375000000000 19516.70117187500000000000 4471.36425781250000000000 28971.09375000000000000000 9642.21875000000000000000 21495.72460937500000000000 878.86865234375000000000 9642.21875000000000000000 17122.41015625000000000000 
77.05237579345703125000 108.02434539794921875000 0.14869207143783569336 0.04152954369783401489 5457302.00000000000000000000 -276532.78125000000000000000 4429.56542968750000000000 2399.28564453125000000000 -276532.78125000000000000000 7008606.00000000000000000000 -8253.94433593750000000000 -1708.29809570312500000000 4429.56542968750000000000 -8253.94433593750000000000 4467.47363281250000000000 254.35681152343750000000 2399.28564453125000000000 -1708.29809570312500000000 254.35681152343750000000 1558.58776855468750000000 
44.26716995239257812500 161.78680419921875000000 0.17146995663642883301 0.07603921741247177124 5568600.00000000000000000000 -657476.56250000000000000000 -5102.48632812500000000000 -21852.01562500000000000000 -657476.56250000000000000000 5579610.00000000000000000000 -5747.67626953125000000000 17200.32031250000000000000 -5102.48632812500000000000 -5747.67626953125000000000 3734.92675781250000000000 12.40345668792724609375 -21852.01562500000000000000 17200.32031250000000000000 12.40345668792724609375 2666.86010742187500000000 
163.31028747558593750000 13.27873897552490234375 0.36950361728668212891 0.11273367702960968018 6287220.00000000000000000000 -200747.03125000000000000000 22899.84179687500000000000 3354.87451171875000000000 -200747.03125000000000000000 4819198.50000000000000000000 -131364.70312500000000000000 32623.19921875000000000000 22899.84179687500000000000 -131364.70312500000000000000 42679.70703125000000000000 -752.82049560546875000000 3354.87451171875000000000 32623.19921875000000000000 -752.82049560546875000000 4657.19726562500000000000 
137.00090026855468750000 135.01245117187500000000 0.36432316899299621582 0.36248409748077392578 6576089.00000000000000000000 -1305126.87500000000000000000 25112.20898437500000000000 36573.43359375000000000000 -1305126.87500000000000000000 5378896.00000000000000000000 -15228.07421875000000000000 -36797.89062500000000000000 25112.20898437500000000000 -15228.07421875000000000000 24959.51171875000000000000 14700.47167968750000000000 36573.43359375000000000000 -36797.89062500000000000000 14700.47167968750000000000 25966.84375000000000000000 
92.17763519287109375000 60.92720794677734375000 0.23467783629894256592 0.22290481626987457275 3515595.75000000000000000000 -257086.92187500000000000000 -8244.25683593750000000000 -11251.33300781250000000000 -257086.92187500000000000000 4301277.00000000000000000000 -43893.21484375000000000000 -28891.64257812500000000000 -8244.25683593750000000000 -43893.21484375000000000000 12366.10546875000000000000 3221.16210937500000000000 -11251.33300781250000000000 -28891.64257812500000000000 3221.16210937500000000000 10037.07519531250000000000 
9.24836635589599609375 14.60457515716552734375 0.26019176840782165527 0.10240370780229568481 1741177.37500000000000000000 -334015.00000000000000000000 683.39172363281250000000 -1117.56616210937500000000 -334015.00000000000000000000 4219014.50000000000000000000 -36090.57812500000000000000 11819.80078125000000000000 683.39172363281250000000 -36090.57812500000000000000 9473.72851562500000000000 555.30755615234375000000 -1117.56616210937500000000 11819.80078125000000000000 555.30755615234375000000 2642.75610351562500000000 
141.56846618652343750000 43.34715270996093750000 0.28385290503501892090 0.29226523637771606445 4190002.50000000000000000000 364484.12500000000000000000 -24299.59179687500000000000 -33830.14453125000000000000 364484.12500000000000000000 6516602.00000000000000000000 16568.18554687500000000000 31102.77148437500000000000 -24299.59179687500000000000 16568.18554687500000000000 23916.68164062500000000000 8486.51074218750000000000 -33830.14453125000000000000 31102.77148437500000000000 8486.51074218750000000000 18770.27734375000000000000 
14.25496196746826171875 183.65328979492187500000 0.12438868731260299683 0.20664194226264953613 5866877.50000000000000000000 -353373.37500000000000000000 5552.76904296875000000000 41705.85546875000000000000 -353373.37500000000000000000 5548557.50000000000000000000 2406.62817382812500000000 -15768.09667968750000000000 5552.76904296875000000000 2406.62817382812500000000 9894.05078125000000000000 2609.82055664062500000000 41705.85546875000000000000 -15768.09667968750000000000 2609.82055664062500000000 16091.92480468750000000000 
46.17923355102539062500 218.53628540039062500000 0.07289609313011169434 0.11765205115079879761 4723758.00000000000000000000 87068.94531250000000000000 7211.67822265625000000000 13110.06835937500000000000 87068.94531250000000000000 2705975.00000000000000000000 1813.89184570312500000000 5306.12304687500000000000 7211.67822265625000000000 1813.89184570312500000000 788.67095947265625000000 324.80004882812500000000 13110.06835937500000000000 5306.12304687500000000000 324.80004882812500000000 2842.67919921875000000000 
165.90084838867187500000 215.31167602539062500000 0.22444385290145874023 0.18293417990207672119 5209861.00000000000000000000 -1524378.50000000000000000000 18468.31445312500000000000 135.13851928710937500000 -1524378.50000000000000000000 5448112.00000000000000000000 -61167.37500000000000000000 -21777.98242187500000000000 18468.31445312500000000000 -61167.37500000000000000000 14810.43261718750000000000 2692.09936523437500000000 135.13851928710937500000 -21777.98242187500000000000 2692.09936523437500000000 8160.03076171875000000000 
150.13043212890625000000 195.72177124023437500000 0.41112384200096130371 0.31967264413833618164 3608519.00000000000000000000 45192.89453125000000000000 64342.71484375000000000000 10918.80859375000000000000 45192.89453125000000000000 3867444.50000000000000000000 11952.73535156250000000000 -42437.92187500000000000000 64342.71484375000000000000 11952.73535156250000000000 34039.94531250000000000000 1409.69714355468750000000 10918.80859375000000000000 -42437.92187500000000000000 1409.69714355468750000000 15698.14257812500000000000 
15.01422977447509765625 214.30581665039062500000 0.11325448751449584961 0.07712167501449584961 6411882.50000000000000000000 -56803.27343750000000000000 -27673.18164062500000000000 -3941.63256835937500000000 -56803.27343750000000000000 6049898.50000000000000000000 -18038.86523437500000000000 -11506.67578125000000000000 -27673.18164062500000000000 -18038.86523437500000000000 3503.38574218750000000000 -30.74342727661132812500 -3941.63256835937500000000 -11506.67578125000000000000 -30.74342727661132812500 2076.33984375000000000000 
11.09683227539062500000 75.28949737548828125000 0.32299786806106567383 0.35493823885917663574 3162106.00000000000000000000 10128.31835937500000000000 -7364.69091796875000000000 -25084.43750000000000000000 10128.31835937500000000000 4600369.00000000000000000000 -21263.71484375000000000000 -30238.67578125000000000000 -7364.69091796875000000000 -21263.71484375000000000000 21476.53320312500000000000 8230.08300781250000000000 -25084.43750000000000000000 -30238.67578125000000000000 8230.08300781250000000000 24107.13671875000000000000 
47.92964172363281250000 42.28373718261718750000 0.27704715728759765625 0.20678800344467163086 5476369.00000000000000000000 240998.48437500000000000000 -12043.14257812500000000000 8444.31054687500000000000 240998.48437500000000000000 5006765.50000000000000000000 -3639.27954101562500000000 -22910.88085937500000000000 -12043.14257812500000000000 -3639.27954101562500000000 14265.46093750000000000000 3960.18530273437500000000 8444.31054687500000000000 -22910.88085937500000000000 3960.18530273437500000000 11156.77441406250000000000 
95.38613891601562500000 185.55015563964843750000 0.12503811717033386230 0.11264691501855850220 4297188.00000000000000000000 -425557.09375000000000000000 4911.76806640625000000000 17093.25585937500000000000 -425557.09375000000000000000 5228571.00000000000000000000 -7762.33447265625000000000 -5738.08056640625000000000 4911.76806640625000000000 -7762.33447265625000000000 4670.29296875000000000000 1865.74853515625000000000 17093.25585937500000000000 -5738.08056640625000000000 1865.74853515625000000000 4675.10595703125000000000 
45.03909683227539062500 129.75720214843750000000 0.15672308206558227539 0.06979069113731384277 6636836.00000000000000000000 -408652.53125000000000000000 -10021.88476562500000000000 -16989.69921875000000000000 -408652.53125000000000000000 6633412.00000000000000000000 2364.87011718750000000000 1523.06494140625000000000 -10021.88476562500000000000 2364.87011718750000000000 2926.21826171875000000000 -348.64208984375000000000 -16989.69921875000000000000 1523.06494140625000000000 -348.64208984375000000000 2261.74877929687500000000 
49.47800445556640625000 12.45498275756835937500 0.37037709355354309082 0.22198033332824707031 1989235.37500000000000000000 327587.84375000000000000000 -7785.08447265625000000000 9945.40039062500000000000 327587.84375000000000000000 3143643.75000000000000000000 -29896.13281250000000000000 12643.42089843750000000000 -7785.08447265625000000000 -29896.13281250000000000000 24734.70898437500000000000 12856.90136718750000000000 9945.40039062500000000000 12643.42089843750000000000 12856.90136718750000000000 18004.90234375000000000000 
129.94706726074218750000 108.03521728515625000000 0.27395206689834594727 0.28680425882339477539 5823350.50000000000000000000 399523.40625000000000000000 78222.03125000000000000000 79059.53906250000000000000 399523.40625000000000000000 4051881.25000000000000000000 3423.58251953125000000000 5660.97167968750000000000 78222.03125000000000000000 3423.58251953125000000000 26457.82031250000000000000 19738.62109375000000000000 79059.53906250000000000000 5660.97167968750000000000 19738.62109375000000000000 23949.20507812500000000000 
101.11936187744140625000 89.45060729980468750000 0.13086873292922973633 0.10259094834327697754 6873356.00000000000000000000 378461.65625000000000000000 -26145.34960937500000000000 19288.67773437500000000000 378461.65625000000000000000 5786257.00000000000000000000 -3243.57641601562500000000 -10093.16308593750000000000 -26145.34960937500000000000 -3243.57641601562500000000 5351.81103515625000000000 137.46412658691406250000 19288.67773437500000000000 -10093.16308593750000000000 137.46412658691406250000 4087.13305664062500000000 
71.01789855957031250000 174.25839233398437500000 0.15748974680900573730 0.09525921195745468140 4917971.50000000000000000000 -871191.56250000000000000000 -1718.68347167968750000000 10344.36328125000000000000 -871191.56250000000000000000 6459745.00000000000000000000 -15410.20410156250000000000 -6021.07421875000000000000 -1718.68347167968750000000 -15410.20410156250000000000 7022.30615234375000000000 3102.94580078125000000000 10344.36328125000000000000 -6021.07421875000000000000 3102.94580078125000000000 5589.59521484375000000000 
131.84591674804687500000 13.08689880371093750000 0.30347138643264770508 0.15298306941986083984 5787493.50000000000000000000 282758.25000000000000000000 4186.25732421875000000000 -9734.02441406250000000000 282758.25000000000000000000 4742410.00000000000000000000 -41013.06640625000000000000 33843.04296875000000000000 4186.25732421875000000000 -41013.06640625000000000000 20615.71093750000000000000 1782.14208984375000000000 -9734.02441406250000000000 33843.04296875000000000000 1782.14208984375000000000 6862.91406250000000000000 
73.58599090576171875000 141.06794738769531250000 0.17408370971679687500 0.06025789678096771240 5806594.00000000000000000000 -519569.28125000000000000000 -580.58825683593750000000 12692.10546875000000000000 -519569.28125000000000000000 6590838.00000000000000000000 5965.87841796875000000000 12652.22558593750000000000 -580.58825683593750000000 5965.87841796875000000000 5560.77832031250000000000 309.95736694335937500000 12692.10546875000000000000 12652.22558593750000000000 309.95736694335937500000 2960.62768554687500000000 
163.53591918945312500000 104.52602386474609375000 0.31717517971992492676 0.38179481029510498047 7683561.00000000000000000000 -346925.62500000000000000000 -110189.67187500000000000000 -90968.07031250000000000000 -346925.62500000000000000000 8269493.00000000000000000000 -9353.74902343750000000000 22266.40234375000000000000 -110189.67187500000000000000 -9353.74902343750000000000 40114.78515625000000000000 28848.86132812500000000000 -90968.07031250000000000000 22266.40234375000000000000 28848.86132812500000000000 39006.23046875000000000000 
18.44262504577636718750 101.68872070312500000000 0.23924474418163299561 0.20406651496887207031 7397687.50000000000000000000 49312.58984375000000000000 -6437.21826171875000000000 -56749.45312500000000000000 49312.58984375000000000000 4545610.00000000000000000000 -10680.65234375000000000000 7926.53613281250000000000 -6437.21826171875000000000 -10680.65234375000000000000 11721.24316406250000000000 1375.31201171875000000000 -56749.45312500000000000000 7926.53613281250000000000 1375.31201171875000000000 12335.28710937500000000000 
66.99695587158203125000 72.11640167236328125000 0.27442264556884765625 0.14016827940940856934 5170522.50000000000000000000 1010320.06250000000000000000 -2640.83740234375000000000 8211.71777343750000000000 1010320.06250000000000000000 6844506.00000000000000000000 -3847.90356445312500000000 -24438.67382812500000000000 -2640.83740234375000000000 -3847.90356445312500000000 12445.94531250000000000000 4537.64599609375000000000 8211.71777343750000000000 -24438.67382812500000000000 4537.64599609375000000000 9627.37402343750000000000 
167.51632690429687500000 41.67085647583007812500 0.14881145954132080078 0.13144627213478088379 3287186.25000000000000000000 102786.65625000000000000000 -6169.82470703125000000000 -3424.84082031250000000000 102786.65625000000000000000 4709811.00000000000000000000 5343.16162109375000000000 -4473.91845703125000000000 -6169.82470703125000000000 5343.16162109375000000000 3886.77294921875000000000 596.22351074218750000000 -3424.84082031250000000000 -4473.91845703125000000000 596.22351074218750000000 2767.42187500000000000000 
14.87754631042480468750 45.15842437744140625000 0.25480148196220397949 0.26371914148330688477 5794679.50000000000000000000 -12710.83300781250000000000 -10969.40527343750000000000 -16665.42773437500000000000 -12710.83300781250000000000 5210947.00000000000000000000 23709.57226562500000000000 43494.68359375000000000000 -10969.40527343750000000000 23709.57226562500000000000 14539.83398437500000000000 4559.29687500000000000000 -16665.42773437500000000000 43494.68359375000000000000 4559.29687500000000000000 16386.11914062500000000000 
123.26195526123046875000 192.47384643554687500000 0.32328659296035766602 0.22786991298198699951 4010290.25000000000000000000 -720925.50000000000000000000 47093.00000000000000000000 23696.28906250000000000000 -720925.50000000000000000000 3643083.75000000000000000000 -17837.50781250000000000000 -31338.45507812500000000000 47093.00000000000000000000 -17837.50781250000000000000 18438.07421875000000000000 5565.42480468750000000000 23696.28906250000000000000 -31338.45507812500000000000 5565.42480468750000000000 11771.21875000000000000000 
166.85446166992187500000 138.67768859863281250000 0.19108416140079498291 0.23638762533664703369 4487835.00000000000000000000 273973.28125000000000000000 -24756.65625000000000000000 -35757.51953125000000000000 273973.28125000000000000000 7842876.00000000000000000000 -21254.68359375000000000000 -49503.45312500000000000000 -24756.65625000000000000000 -21254.68359375000000000000 9601.77246093750000000000 4789.39404296875000000000 -35757.51953125000000000000 -49503.45312500000000000000 4789.39404296875000000000 12540.28417968750000000000 
100.44375610351562500000 215.87886047363281250000 0.10934162884950637817 0.12119028717279434204 4749925.50000000000000000000 -359782.00000000000000000000 -8474.59277343750000000000 -2328.31127929687500000000 -359782.00000000000000000000 4570395.00000000000000000000 11578.55175781250000000000 6468.18310546875000000000 -8474.59277343750000000000 11578.55175781250000000000 2060.39794921875000000000 20.21674919128417968750 -2328.31127929687500000000 6468.18310546875000000000 20.21674919128417968750 2896.14111328125000000000 
146.48817443847656250000 163.51611328125000000000 0.26378169655799865723 0.26041162014007568359 3783667.00000000000000000000 -570189.00000000000000000000 -40741.78515625000000000000 -36269.71093750000000000000 -570189.00000000000000000000 4903649.00000000000000000000 -3724.32128906250000000000 -2879.67114257812500000000 -40741.78515625000000000000 -3724.32128906250000000000 13631.62109375000000000000 8357.47851562500000000000 -36269.71093750000000000000 -2879.67114257812500000000 8357.47851562500000000000 13659.47265625000000000000 
120.97611236572265625000 165.58453369140625000000 0.32672670483589172363 0.28881701827049255371 3311120.50000000000000000000 -551507.75000000000000000000 39322.15234375000000000000 33723.39453125000000000000 -551507.75000000000000000000 4336828.00000000000000000000 19375.41015625000000000000 13126.24707031250000000000 39322.15234375000000000000 19375.41015625000000000000 20149.68359375000000000000 12806.92285156250000000000 33723.39453125000000000000 13126.24707031250000000000 12806.92285156250000000000 18399.78515625000000000000 
110.40242767333984375000 34.47566986083984375000 0.43306612968444824219 0.36689245700836181641 4767553.00000000000000000000 -386195.06250000000000000000 -34385.91406250000000000000 -13927.81640625000000000000 -386195.06250000000000000000 3595637.75000000000000000000 16764.48046875000000000000 8673.96679687500000000000 -34385.91406250000000000000 16764.48046875000000000000 35820.50000000000000000000 17726.20312500000000000000 -13927.81640625000000000000 8673.96679687500000000000 17726.20312500000000000000 28256.20117187500000000000 
77.63593292236328125000 38.61983489990234375000 0.43154850602149963379 0.36325466632843017578 4883042.50000000000000000000 -764685.50000000000000000000 41428.45312500000000000000 26151.73632812500000000000 -764685.50000000000000000000 4108651.00000000000000000000 -33939.03906250000000000000 -7342.08349609375000000000 41428.45312500000000000000 -33939.03906250000000000000 39057.18750000000000000000 11686.47851562500000000000 26151.73632812500000000000 -7342.08349609375000000000 11686.47851562500000000000 26455.89062500000000000000 
71.98809051513671875000 13.10820960998535156250 0.41187313199043273926 0.28611761331558227539 2856486.00000000000000000000 -380091.06250000000000000000 19366.69921875000000000000 13537.31347656250000000000 -380091.06250000000000000000 3450657.25000000000000000000 -2584.18432617187500000000 6817.81591796875000000000 19366.69921875000000000000 -2584.18432617187500000000 28031.35742187500000000000 12346.50097656250000000000 13537.31347656250000000000 6817.81591796875000000000 12346.50097656250000000000 23222.46875000000000000000 
15.20854854583740234375 154.57374572753906250000 0.15631602704524993896 0.32660001516342163086 5951812.50000000000000000000 -431021.56250000000000000000 -19258.57617187500000000000 1651.97595214843750000000 -431021.56250000000000000000 4768648.00000000000000000000 -2920.91381835937500000000 -21838.98437500000000000000 -19258.57617187500000000000 -2920.91381835937500000000 15226.02636718750000000000 6787.99414062500000000000 1651.97595214843750000000 -21838.98437500000000000000 6787.99414062500000000000 26819.42382812500000000000 
29.22019004821777343750 16.86435127258300781250 0.33074632287025451660 0.15786898136138916016 1780320.50000000000000000000 195169.93750000000000000000 1766.25024414062500000000 5888.04345703125000000000 195169.93750000000000000000 4685129.00000000000000000000 -52094.01171875000000000000 9067.08105468750000000000 1766.25024414062500000000 -52094.01171875000000000000 20108.87695312500000000000 5255.08886718750000000000 5888.04345703125000000000 9067.08105468750000000000 5255.08886718750000000000 6520.17724609375000000000 
119.32958984375000000000 60.91479492187500000000 0.27679404616355895996 0.28174787759780883789 3990776.75000000000000000000 -384582.87500000000000000000 27302.84960937500000000000 24854.46484375000000000000 -384582.87500000000000000000 3945105.00000000000000000000 -28687.33007812500000000000 -20941.08203125000000000000 27302.84960937500000000000 -28687.33007812500000000000 20295.09375000000000000000 9566.91894531250000000000 24854.46484375000000000000 -20941.08203125000000000000 9566.91894531250000000000 16489.89648437500000000000 
49.70508956909179687500 98.72757720947265625000 0.18646839261054992676 0.07131665945053100586 5242110.50000000000000000000 -122631.18750000000000000000 -4262.40917968750000000000 -8444.39453125000000000000 -122631.18750000000000000000 5504821.00000000000000000000 -20163.66210937500000000000 -5223.51367187500000000000 -4262.40917968750000000000 -20163.66210937500000000000 4208.79882812500000000000 339.43801879882812500000 -8444.39453125000000000000 -5223.51367187500000000000 339.43801879882812500000 2234.57202148437500000000 
73.07431793212890625000 210.72349548339843750000 0.12100902199745178223 0.11750536412000656128 4423233.50000000000000000000 377093.00000000000000000000 1960.48229980468750000000 -5841.80126953125000000000 377093.00000000000000000000 7700702.00000000000000000000 9053.32324218750000000000 11506.54785156250000000000 1960.48229980468750000000 9053.32324218750000000000 2783.83056640625000000000 658.61718750000000000000 -5841.80126953125000000000 11506.54785156250000000000 658.61718750000000000000 3488.07885742187500000000 
104.66593170166015625000 123.80088806152343750000 0.10127811878919601440 0.07984865456819534302 5941319.50000000000000000000 389224.59375000000000000000 -20275.39453125000000000000 11535.30273437500000000000 389224.59375000000000000000 5552001.50000000000000000000 4276.97216796875000000000 2193.90161132812500000000 -20275.39453125000000000000 4276.97216796875000000000 3320.44824218750000000000 250.47651672363281250000 11535.30273437500000000000 2193.90161132812500000000 250.47651672363281250000 3295.37036132812500000000 
