166.14712524414062500000 103.11124420166015625000 0.28618177771568298340 0.32640787959098815918 4567537.50000000000000000000 -601886.75000000000000000000 -60412.81640625000000000000 -35766.20703125000000000000 -601886.75000000000000000000 5516096.50000000000000000000 10104.06933593750000000000 30543.86718750000000000000 -60412.81640625000000000000 10104.06933593750000000000 23135.80273437500000000000 16007.44238281250000000000 -35766.20703125000000000000 30543.86718750000000000000 16007.44238281250000000000 25348.42187500000000000000 
11.06459903717041015625 185.48190307617187500000 0.10957477986812591553 0.15596400201320648193 3232290.25000000000000000000 -4394.22216796875000000000 13715.56054687500000000000 34980.10156250000000000000 -4394.22216796875000000000 5813707.00000000000000000000 13391.21875000000000000000 869.07427978515625000000 13715.56054687500000000000 13391.21875000000000000000 7459.12792968750000000000 2009.59753417968750000000 34980.10156250000000000000 869.07427978515625000000 2009.59753417968750000000 10973.50976562500000000000 
82.10136413574218750000 92.37927246093750000000 0.16644392907619476318 0.05917688459157943726 5945694.00000000000000000000 168065.06250000000000000000 -6905.92285156250000000000 -1446.52526855468750000000 168065.06250000000000000000 4952112.50000000000000000000 -360.32269287109375000000 -6298.70312500000000000000 -6905.92285156250000000000 -360.32269287109375000000 5670.00830078125000000000 302.53607177734375000000 -1446.52526855468750000000 -6298.70312500000000000000 302.53607177734375000000 2112.29394531250000000000 
145.18209838867187500000 196.23521423339843750000 0.40776839852333068848 0.29459699988365173340 3158792.75000000000000000000 -59101.31250000000000000000 19046.25000000000000000000 27249.21289062500000000000 -59101.31250000000000000000 3222294.75000000000000000000 1615.01220703125000000000 -31412.39843750000000000000 19046.25000000000000000000 1615.01220703125000000000 26063.89843750000000000000 2936.80175781250000000000 27249.21289062500000000000 -31412.39843750000000000000 2936.80175781250000000000 15785.18457031250000000000 
133.59494018554687500000 12.10933303833007812500 0.37465003132820129395 0.19091244041919708252 5327708.50000000000000000000 60878.42578125000000000000 -20237.77539062500000000000 -19914.49804687500000000000 60878.42578125000000000000 3783925.25000000000000000000 -19663.00976562500000000000 30754.97265625000000000000 -20237.77539062500000000000 -19663.00976562500000000000 26281.79101562500000000000 5154.08398437500000000000 -19914.49804687500000000000 30754.97265625000000000000 5154.08398437500000000000 9335.63671875000000000000 
102.00058746337890625000 64.93708038330078125000 0.18101093173027038574 0.15670926868915557861 5090437.00000000000000000000 -314291.28125000000000000000 -2081.07495117187500000000 -6411.36669921875000000000 -314291.28125000000000000000 4947721.50000000000000000000 -41486.86328125000000000000 -26534.98632812500000000000 -2081.07495117187500000000 -41486.86328125000000000000 10485.48730468750000000000 3753.85375976562500000000 -6411.36669921875000000000 -26534.98632812500000000000 3753.85375976562500000000 9865.77832031250000000000 
49.25601196289062500000 161.78121948242187500000 0.16546007990837097168 0.05979955941438674927 5859097.00000000000000000000 671419.37500000000000000000 6668.46484375000000000000 -14492.16601562500000000000 671419.37500000000000000000 5181181.00000000000000000000 -3030.56445312500000000000 6010.31689453125000000000 6668.46484375000000000000 -3030.56445312500000000000 4801.87060546875000000000 62.35339355468750000000 -14492.16601562500000000000 6010.31689453125000000000 62.35339355468750000000 2392.28271484375000000000 
71.45432281494140625000 12.78750324249267578125 0.48893076181411743164 0.32250458002090454102 4385037.00000000000000000000 170159.42187500000000000000 45792.97265625000000000000 30065.85742187500000000000 170159.42187500000000000000 4136683.25000000000000000000 -26528.27343750000000000000 1710.70800781250000000000 45792.97265625000000000000 -26528.27343750000000000000 46915.87500000000000000000 19921.88085937500000000000 30065.85742187500000000000 1710.70800781250000000000 19921.88085937500000000000 32743.49218750000000000000 
75.96990203857421875000 181.32038879394531250000 0.17769928276538848877 0.08203021436929702759 7886894.00000000000000000000 -923215.87500000000000000000 15833.22558593750000000000 17079.69921875000000000000 -923215.87500000000000000000 7160383.50000000000000000000 -38249.76171875000000000000 -11412.14355468750000000000 15833.22558593750000000000 -38249.76171875000000000000 9894.68066406250000000000 1576.43542480468750000000 17079.69921875000000000000 -11412.14355468750000000000 1576.43542480468750000000 3719.45532226562500000000 
164.52798461914062500000 12.73871994018554687500 0.43603548407554626465 0.10921098291873931885 4919285.50000000000000000000 17638.52343750000000000000 14527.12207031250000000000 8917.78027343750000000000 17638.52343750000000000000 4011562.00000000000000000000 -145116.46875000000000000000 24930.24804687500000000000 14527.12207031250000000000 -145116.46875000000000000000 52036.49218750000000000000 -975.98468017578125000000 8917.78027343750000000000 24930.24804687500000000000 -975.98468017578125000000 3809.36401367187500000000 
11.86838817596435546875 64.16092681884765625000 0.44677251577377319336 0.47341334819793701172 3422390.75000000000000000000 150616.03125000000000000000 -47661.23828125000000000000 -56069.35937500000000000000 150616.03125000000000000000 3605305.75000000000000000000 3422.73388671875000000000 24863.80859375000000000000 -47661.23828125000000000000 3422.73388671875000000000 36322.58203125000000000000 23142.33007812500000000000 -56069.35937500000000000000 24863.80859375000000000000 23142.33007812500000000000 40150.53125000000000000000 
39.63573074340820312500 63.03132629394531250000 0.31054130196571350098 0.14662636816501617432 4413315.50000000000000000000 325667.84375000000000000000 2053.51025390625000000000 -23839.27929687500000000000 325667.84375000000000000000 6077289.50000000000000000000 -25233.42187500000000000000 -14757.74316406250000000000 2053.51025390625000000000 -25233.42187500000000000000 11965.14453125000000000000 2105.29785156250000000000 -23839.27929687500000000000 -14757.74316406250000000000 2105.29785156250000000000 5990.00976562500000000000 
134.58761596679687500000 118.78465270996093750000 0.30698338150978088379 0.26674172282218933105 6035425.00000000000000000000 -194494.35937500000000000000 83460.37500000000000000000 65224.65234375000000000000 -194494.35937500000000000000 5126461.50000000000000000000 40469.94921875000000000000 25573.61718750000000000000 83460.37500000000000000000 40469.94921875000000000000 25259.41015625000000000000 13523.12207031250000000000 65224.65234375000000000000 25573.61718750000000000000 13523.12207031250000000000 20148.22265625000000000000 
128.17245483398437500000 215.11921691894531250000 0.15593647956848144531 0.17088939249515533447 5222892.00000000000000000000 975260.37500000000000000000 14017.46582031250000000000 2928.85229492187500000000 975260.37500000000000000000 5767222.00000000000000000000 -57772.61328125000000000000 9014.25585937500000000000 14017.46582031250000000000 -57772.61328125000000000000 10820.70703125000000000000 -586.01727294921875000000 2928.85229492187500000000 9014.25585937500000000000 -586.01727294921875000000 5031.25830078125000000000 
47.07412338256835937500 95.78689575195312500000 0.22086758911609649658 0.08078274130821228027 7009601.50000000000000000000 -768803.50000000000000000000 -2139.92651367187500000000 -18710.00390625000000000000 -768803.50000000000000000000 7697335.00000000000000000000 -33282.81640625000000000000 -5671.95800781250000000000 -2139.92651367187500000000 -33282.81640625000000000000 6471.17578125000000000000 501.07592773437500000000 -18710.00390625000000000000 -5671.95800781250000000000 501.07592773437500000000 3151.97192382812500000000 
100.05771636962890625000 213.85041809082031250000 0.09904400259256362915 0.15434482693672180176 4435035.00000000000000000000 193958.35937500000000000000 -11882.98339843750000000000 10717.38671875000000000000 193958.35937500000000000000 5977000.00000000000000000000 4889.64794921875000000000 8382.10449218750000000000 -11882.98339843750000000000 4889.64794921875000000000 2646.78442382812500000000 161.06790161132812500000 10717.38671875000000000000 8382.10449218750000000000 161.06790161132812500000 4410.81787109375000000000 
102.98940277099609375000 122.36440277099609375000 0.12337175011634826660 0.07039254903793334961 6442079.00000000000000000000 306129.37500000000000000000 -40300.20312500000000000000 4427.77246093750000000000 306129.37500000000000000000 6107603.50000000000000000000 10390.83496093750000000000 4485.66162109375000000000 -40300.20312500000000000000 10390.83496093750000000000 4980.87353515625000000000 643.33190917968750000000 4427.77246093750000000000 4485.66162109375000000000 643.33190917968750000000 2332.07983398437500000000 
15.62900638580322265625 153.14714050292968750000 0.12067589163780212402 0.32752746343612670898 7641040.50000000000000000000 458671.28125000000000000000 -7743.97021484375000000000 -1681.94897460937500000000 458671.28125000000000000000 7661000.50000000000000000000 -16082.20410156250000000000 -72715.28125000000000000000 -7743.97021484375000000000 -16082.20410156250000000000 14357.00585937500000000000 11907.91210937500000000000 -1681.94897460937500000000 -72715.28125000000000000000 11907.91210937500000000000 44501.86328125000000000000 
56.28139114379882812500 39.86454010009765625000 0.28395092487335205078 0.27215561270713806152 5380847.00000000000000000000 14802.43750000000000000000 -19843.05468750000000000000 13545.95117187500000000000 14802.43750000000000000000 3715142.50000000000000000000 -6395.63769531250000000000 -36219.65625000000000000000 -19843.05468750000000000000 -6395.63769531250000000000 14801.76855468750000000000 3831.80078125000000000000 13545.95117187500000000000 -36219.65625000000000000000 3831.80078125000000000000 14245.64941406250000000000 
106.20050048828125000000 153.03454589843750000000 0.15588207542896270752 0.12106597423553466797 6165996.50000000000000000000 -618387.37500000000000000000 -5031.55029296875000000000 21786.44531250000000000000 -618387.37500000000000000000 6217188.00000000000000000000 21230.07226562500000000000 20547.18554687500000000000 -5031.55029296875000000000 21230.07226562500000000000 9452.42480468750000000000 4512.98632812500000000000 21786.44531250000000000000 20547.18554687500000000000 4512.98632812500000000000 8511.06250000000000000000 
136.55656433105468750000 147.15270996093750000000 0.38261148333549499512 0.39654326438903808594 5364001.00000000000000000000 332986.28125000000000000000 5683.53564453125000000000 9897.22363281250000000000 332986.28125000000000000000 4316830.50000000000000000000 -1749.85290527343750000000 9321.91796875000000000000 5683.53564453125000000000 -1749.85290527343750000000 25809.89062500000000000000 14818.91601562500000000000 9897.22363281250000000000 9321.91796875000000000000 14818.91601562500000000000 25329.91601562500000000000 
168.75154113769531250000 41.10648345947265625000 0.12656849622726440430 0.13974937796592712402 2299553.75000000000000000000 -162355.65625000000000000000 -1863.27429199218750000000 -1004.55249023437500000000 -162355.65625000000000000000 3981082.25000000000000000000 1780.82531738281250000000 2621.73339843750000000000 -1863.27429199218750000000 1780.82531738281250000000 2308.58105468750000000000 718.22601318359375000000 -1004.55249023437500000000 2621.73339843750000000000 718.22601318359375000000 3628.62988281250000000000 
42.78866195678710937500 130.92228698730468750000 0.14829652011394500732 0.10441688448190689087 6137785.50000000000000000000 -20890.50585937500000000000 10172.19824218750000000000 -38035.29296875000000000000 -20890.50585937500000000000 6941277.50000000000000000000 -3293.94458007812500000000 6848.53857421875000000000 10172.19824218750000000000 -3293.94458007812500000000 2983.35668945312500000000 -48.15653991699218750000 -38035.29296875000000000000 6848.53857421875000000000 -48.15653991699218750000 4526.40527343750000000000 
165.20022583007812500000 70.30149841308593750000 0.19856005907058715820 0.20651909708976745605 5141696.00000000000000000000 715136.43750000000000000000 -26257.91406250000000000000 -15760.70898437500000000000 715136.43750000000000000000 5553622.50000000000000000000 13062.17871093750000000000 4017.69580078125000000000 -26257.91406250000000000000 13062.17871093750000000000 8905.31152343750000000000 1262.73815917968750000000 -15760.70898437500000000000 4017.69580078125000000000 1262.73815917968750000000 9227.53613281250000000000 
86.98833465576171875000 39.02854919433593750000 0.51820403337478637695 0.38476714491844177246 4496005.50000000000000000000 -74281.61718750000000000000 9318.59277343750000000000 8877.23437500000000000000 -74281.61718750000000000000 4708948.00000000000000000000 -39387.92187500000000000000 -37662.79687500000000000000 9318.59277343750000000000 -39387.92187500000000000000 56970.45312500000000000000 23048.29101562500000000000 8877.23437500000000000000 -37662.79687500000000000000 23048.29101562500000000000 34755.59765625000000000000 
37.91203689575195312500 185.98495483398437500000 0.11634901911020278931 0.12270960956811904907 5964385.00000000000000000000 539551.68750000000000000000 3703.94482421875000000000 -32937.35156250000000000000 539551.68750000000000000000 5075617.00000000000000000000 -17963.75976562500000000000 -12508.59277343750000000000 3703.94482421875000000000 -17963.75976562500000000000 4467.23730468750000000000 -386.27072143554687500000 -32937.35156250000000000000 -12508.59277343750000000000 -386.27072143554687500000 7531.39355468750000000000 
145.49244689941406250000 38.95425033569335937500 0.25803688168525695801 0.27366948127746582031 3034040.00000000000000000000 139009.54687500000000000000 -31838.55078125000000000000 -35445.94140625000000000000 139009.54687500000000000000 4460668.00000000000000000000 3977.81665039062500000000 18352.68359375000000000000 -31838.55078125000000000000 3977.81665039062500000000 13814.74218750000000000000 7001.80712890625000000000 -35445.94140625000000000000 18352.68359375000000000000 7001.80712890625000000000 13892.42871093750000000000 
47.33075332641601562500 213.13052368164062500000 0.07154780626296997070 0.11415735632181167603 5145217.00000000000000000000 -880986.50000000000000000000 2497.92871093750000000000 -1797.39855957031250000000 -880986.50000000000000000000 6923051.50000000000000000000 -2326.87036132812500000000 18761.46484375000000000000 2497.92871093750000000000 -2326.87036132812500000000 925.87145996093750000000 23.91415596008300781250 -1797.39855957031250000000 18761.46484375000000000000 23.91415596008300781250 2826.70043945312500000000 
7.32391309738159179688 13.98043537139892578125 0.27657356858253479004 0.09706415235996246338 869523.37500000000000000000 -89275.29687500000000000000 2408.41918945312500000000 890.72204589843750000000 -89275.29687500000000000000 2665382.75000000000000000000 -36288.32031250000000000000 9597.00781250000000000000 2408.41918945312500000000 -36288.32031250000000000000 10717.86035156250000000000 244.04808044433593750000 890.72204589843750000000 9597.00781250000000000000 244.04808044433593750000 1913.94555664062500000000 
16.05641555786132812500 90.68041229248046875000 0.29908934235572814941 0.32089859247207641602 6399546.50000000000000000000 -422628.78125000000000000000 2358.06079101562500000000 -50004.04687500000000000000 -422628.78125000000000000000 4757649.50000000000000000000 -21837.75781250000000000000 -27527.44921875000000000000 2358.06079101562500000000 -21837.75781250000000000000 21630.42968750000000000000 16377.16992187500000000000 -50004.04687500000000000000 -27527.44921875000000000000 16377.16992187500000000000 31293.63085937500000000000 
163.06040954589843750000 217.80273437500000000000 0.16288639605045318604 0.18513174355030059814 6126730.50000000000000000000 -529061.31250000000000000000 7498.85302734375000000000 977.65740966796875000000 -529061.31250000000000000000 3330388.50000000000000000000 -24640.42187500000000000000 -13159.33007812500000000000 7498.85302734375000000000 -24640.42187500000000000000 6173.24316406250000000000 597.09667968750000000000 977.65740966796875000000 -13159.33007812500000000000 597.09667968750000000000 6150.32128906250000000000 
16.12594985961914062500 215.61811828613281250000 0.09487713873386383057 0.09650052338838577271 6894567.50000000000000000000 9735.92871093750000000000 -15531.42089843750000000000 3780.80078125000000000000 9735.92871093750000000000 5285322.00000000000000000000 -7284.81982421875000000000 1842.56518554687500000000 -15531.42089843750000000000 -7284.81982421875000000000 2905.15722656250000000000 189.71163940429687500000 3780.80078125000000000000 1842.56518554687500000000 189.71163940429687500000 2148.23730468750000000000 
113.01734161376953125000 92.87745666503906250000 0.09777583181858062744 0.09274220466613769531 5025215.50000000000000000000 -102009.92187500000000000000 7298.43896484375000000000 16188.57617187500000000000 -102009.92187500000000000000 5390739.00000000000000000000 -8072.42089843750000000000 -3402.22680664062500000000 7298.43896484375000000000 -8072.42089843750000000000 3532.87939453125000000000 212.87608337402343750000 16188.57617187500000000000 -3402.22680664062500000000 212.87608337402343750000 3069.00317382812500000000 
101.63144683837890625000 12.27762031555175781250 0.52688568830490112305 0.43377670645713806152 5077824.50000000000000000000 -66572.30468750000000000000 -2945.40698242187500000000 -22434.01562500000000000000 -66572.30468750000000000000 3957425.75000000000000000000 18024.90820312500000000000 26930.05078125000000000000 -2945.40698242187500000000 18024.90820312500000000000 70134.80468750000000000000 57958.44140625000000000000 -22434.01562500000000000000 26930.05078125000000000000 57958.44140625000000000000 66611.45312500000000000000 
69.77738952636718750000 66.87197113037109375000 0.26790386438369750977 0.11828617751598358154 5412499.00000000000000000000 -807343.00000000000000000000 -8510.42675781250000000000 17425.58984375000000000000 -807343.00000000000000000000 5138912.00000000000000000000 -3452.06079101562500000000 -16000.31640625000000000000 -8510.42675781250000000000 -3452.06079101562500000000 10206.91308593750000000000 1589.96960449218750000000 17425.58984375000000000000 -16000.31640625000000000000 1589.96960449218750000000 4879.11962890625000000000 
168.55505371093750000000 189.79171752929687500000 0.31862223148345947266 0.26648142933845520020 2492362.75000000000000000000 395499.78125000000000000000 -43736.35937500000000000000 -37795.07812500000000000000 395499.78125000000000000000 3827624.75000000000000000000 21992.56835937500000000000 -9391.34179687500000000000 -43736.35937500000000000000 21992.56835937500000000000 15874.00097656250000000000 1689.37744140625000000000 -37795.07812500000000000000 -9391.34179687500000000000 1689.37744140625000000000 13694.36230468750000000000 
133.77813720703125000000 174.40684509277343750000 0.36948350071907043457 0.36786431074142456055 4828050.50000000000000000000 -160474.87500000000000000000 -41342.85156250000000000000 -23828.57031250000000000000 -160474.87500000000000000000 3884721.25000000000000000000 -2550.12915039062500000000 -10436.44238281250000000000 -41342.85156250000000000000 -2550.12915039062500000000 25507.76367187500000000000 17501.88671875000000000000 -23828.57031250000000000000 -10436.44238281250000000000 17501.88671875000000000000 25114.82421875000000000000 
71.15679931640625000000 118.54936218261718750000 0.16947786509990692139 0.05740846693515777588 5639005.50000000000000000000 309155.90625000000000000000 638.91900634765625000000 1190.68054199218750000000 309155.90625000000000000000 4774131.00000000000000000000 4249.19433593750000000000 2632.47680664062500000000 638.91900634765625000000 4249.19433593750000000000 5422.24511718750000000000 -68.66287994384765625000 1190.68054199218750000000 2632.47680664062500000000 -68.66287994384765625000 1654.13867187500000000000 
76.14608001708984375000 147.82385253906250000000 0.21612977981567382812 0.06173539161682128906 6187195.50000000000000000000 302544.31250000000000000000 -518.67065429687500000000 12556.40917968750000000000 302544.31250000000000000000 6038155.50000000000000000000 15531.83007812500000000000 3974.01635742187500000000 -518.67065429687500000000 15531.83007812500000000000 9179.00292968750000000000 408.13995361328125000000 12556.40917968750000000000 3974.01635742187500000000 408.13995361328125000000 2509.29711914062500000000 
164.54048156738281250000 162.15841674804687500000 0.13645057380199432373 0.14853197336196899414 5240112.00000000000000000000 -487102.34375000000000000000 -11904.32910156250000000000 -13678.36328125000000000000 -487102.34375000000000000000 4774974.00000000000000000000 -713.63922119140625000000 -11098.86914062500000000000 -11904.32910156250000000000 -713.63922119140625000000 3279.72241210937500000000 441.74581909179687500000 -13678.36328125000000000000 -11098.86914062500000000000 441.74581909179687500000 4357.13134765625000000000 
132.65202331542968750000 63.96611404418945312500 0.23202984035015106201 0.22486257553100585938 5120902.00000000000000000000 -251523.40625000000000000000 -2828.58691406250000000000 22878.25585937500000000000 -251523.40625000000000000000 4189275.50000000000000000000 -8812.06542968750000000000 -31445.75781250000000000000 -2828.58691406250000000000 -8812.06542968750000000000 12990.90722656250000000000 3559.69238281250000000000 22878.25585937500000000000 -31445.75781250000000000000 3559.69238281250000000000 11286.02539062500000000000 
17.57335281372070312500 38.78876876831054687500 0.26788049936294555664 0.18587978184223175049 6635410.50000000000000000000 -70650.00781250000000000000 3671.29736328125000000000 2942.19287109375000000000 -70650.00781250000000000000 3343720.25000000000000000000 16807.88085937500000000000 19662.16406250000000000000 3671.29736328125000000000 16807.88085937500000000000 16016.60742187500000000000 2556.02539062500000000000 2942.19287109375000000000 19662.16406250000000000000 2556.02539062500000000000 7362.27050781250000000000 
14.48527050018310546875 119.79556274414062500000 0.17172423005104064941 0.39600923657417297363 6501801.00000000000000000000 -705485.56250000000000000000 -26266.16210937500000000000 -104179.68750000000000000000 -705485.56250000000000000000 6601182.00000000000000000000 -13788.34960937500000000000 49647.54687500000000000000 -26266.16210937500000000000 -13788.34960937500000000000 16108.07519531250000000000 6293.70458984375000000000 -104179.68750000000000000000 49647.54687500000000000000 6293.70458984375000000000 35616.26171875000000000000 
142.16667175292968750000 89.80577087402343750000 0.23220096528530120850 0.24221123754978179932 4050929.75000000000000000000 -239366.67187500000000000000 26213.80273437500000000000 14988.35058593750000000000 -239366.67187500000000000000 4061544.00000000000000000000 974.35522460937500000000 15119.60351562500000000000 26213.80273437500000000000 974.35522460937500000000 12199.82421875000000000000 3860.13598632812500000000 14988.35058593750000000000 15119.60351562500000000000 3860.13598632812500000000 11737.70605468750000000000 
117.17070770263671875000 37.22593688964843750000 0.43079766631126403809 0.39765039086341857910 4032471.00000000000000000000 -95730.84375000000000000000 -14545.20898437500000000000 -723.63507080078125000000 -95730.84375000000000000000 4420205.50000000000000000000 -22236.86132812500000000000 -32837.26562500000000000000 -14545.20898437500000000000 -22236.86132812500000000000 37004.50000000000000000000 24178.67187500000000000000 -723.63507080078125000000 -32837.26562500000000000000 24178.67187500000000000000 34901.72265625000000000000 
164.74389648437500000000 132.63795471191406250000 0.25407481193542480469 0.33746799826622009277 5379614.50000000000000000000 227156.03125000000000000000 -46051.49218750000000000000 -58502.96093750000000000000 227156.03125000000000000000 5016586.50000000000000000000 -27353.66210937500000000000 -33792.44140625000000000000 -46051.49218750000000000000 -27353.66210937500000000000 20556.89257812500000000000 15147.75976562500000000000 -58502.96093750000000000000 -33792.44140625000000000000 15147.75976562500000000000 24136.67382812500000000000 
25.44047737121582031250 11.90873050689697265625 0.40091425180435180664 0.14492346346378326416 1341618.37500000000000000000 -84601.47656250000000000000 9590.34277343750000000000 7818.83593750000000000000 -84601.47656250000000000000 2580155.00000000000000000000 -38440.03125000000000000000 744.00085449218750000000 9590.34277343750000000000 -38440.03125000000000000000 18813.46484375000000000000 3696.10156250000000000000 7818.83593750000000000000 744.00085449218750000000 3696.10156250000000000000 5457.26318359375000000000 
73.66510009765625000000 213.19624328613281250000 0.10968536138534545898 0.11580406874418258667 4175433.50000000000000000000 -82738.16406250000000000000 5578.69091796875000000000 -760.04150390625000000000 -82738.16406250000000000000 6429895.50000000000000000000 3507.49755859375000000000 24007.41406250000000000000 5578.69091796875000000000 3507.49755859375000000000 2081.37817382812500000000 550.88793945312500000000 -760.04150390625000000000 24007.41406250000000000000 550.88793945312500000000 3312.23754882812500000000 
107.22661590576171875000 184.47132873535156250000 0.21731503307819366455 0.19339291751384735107 5658409.50000000000000000000 762554.18750000000000000000 45016.18359375000000000000 30939.61914062500000000000 762554.18750000000000000000 5771106.00000000000000000000 -14716.03710937500000000000 -366.84368896484375000000 45016.18359375000000000000 -14716.03710937500000000000 14014.08984375000000000000 7605.47607421875000000000 30939.61914062500000000000 -366.84368896484375000000 7605.47607421875000000000 11616.33593750000000000000 
44.90124130249023437500 16.02561187744140625000 0.40022146701812744141 0.24587143957614898682 2676062.00000000000000000000 -916375.50000000000000000000 10051.48437500000000000000 10224.42968750000000000000 -916375.50000000000000000000 4868398.50000000000000000000 -46707.13671875000000000000 -3215.37451171875000000000 10051.48437500000000000000 -46707.13671875000000000000 33350.44921875000000000000 16605.27148437500000000000 10224.42968750000000000000 -3215.37451171875000000000 16605.27148437500000000000 21869.23437500000000000000 
